13:3,3,2,0,2,3,2,0,2,2,E-
48:0,0,0,2,2,3,3,0,0,2,E-
82:2,0,0,0,2,3,2,3,0,2,E-
84:0,0,2,3,2,3,0,2,0,2,E-
105:2,2,0,3,2,3,2,2,0,0,E+
125:0,0,2,1,2,3,1,3,2,2,E-
185:0,3,3,3,2,3,3,1,3,3,E+
220:1,1,3,1,2,3,3,3,1,1,E+
232:1,3,1,0,2,3,2,2,2,3,E+
236:2,3,2,2,2,3,0,3,2,1,E+
259:1,3,2,2,2,3,0,1,0,2,E-
286:2,2,0,2,2,3,0,1,1,3,E+
299:2,0,1,0,2,3,1,0,1,0,E+
305:1,0,1,0,2,3,2,0,3,0,E+
325:1,3,2,0,2,3,1,1,3,3,E+
345:2,0,2,0,2,3,3,2,1,0,E+
371:0,1,0,3,2,3,0,3,3,3,E+
388:1,3,2,2,2,3,3,1,1,0,E+
435:0,1,0,3,2,3,2,0,0,3,E+
462:1,3,3,3,2,3,2,1,3,3,E+
469:1,3,3,0,2,3,1,3,3,2,E-
484:1,1,3,3,2,3,1,0,0,2,E-
516:3,2,1,3,2,3,2,1,0,3,E+
560:0,0,3,0,2,3,2,0,1,0,E+
617:1,0,1,3,2,3,2,2,3,3,E+
620:3,2,3,2,2,3,3,1,2,2,E-
626:3,1,2,2,2,3,1,3,0,0,E+
632:1,3,0,0,2,3,0,1,3,2,E-
672:1,0,3,2,2,3,3,3,1,1,E+
751:3,1,1,3,2,3,0,2,2,2,E-
765:3,1,3,1,2,3,1,1,0,3,E+
787:2,1,3,2,2,3,1,1,3,3,E+
798:1,3,1,0,2,3,0,0,2,2,E-
823:0,2,1,0,2,3,1,0,2,0,E+
844:0,0,1,0,2,3,0,0,0,1,E+
861:1,0,2,0,2,3,3,1,0,0,E+
884:0,1,0,2,2,3,3,3,3,1,E+
903:1,3,3,3,2,3,3,3,1,3,E+
976:0,0,3,0,2,3,2,2,3,1,E+
979:0,2,3,2,2,3,1,0,1,0,E+
988:0,3,0,3,2,3,3,1,3,2,E-
997:2,2,2,0,2,3,3,1,1,3,E+
1014:0,3,0,3,2,3,1,3,0,0,E+
1065:0,3,1,3,2,3,3,0,2,0,E+
1085:1,3,1,0,2,3,0,2,0,0,E+
1110:2,0,0,3,2,3,2,2,0,2,E-
1116:2,2,0,2,2,3,1,3,2,2,E-
1121:3,1,3,2,2,3,3,3,3,2,E-
1133:1,0,0,0,2,3,2,3,2,1,E+
1135:0,0,2,3,2,3,2,1,0,2,E-
1140:3,2,1,0,2,3,0,3,2,3,E+
1144:2,3,0,3,2,3,2,0,0,2,E-
1199:3,2,0,2,2,3,3,3,0,3,E+
1259:3,2,0,0,2,3,1,1,0,3,E+
1294:3,1,1,1,2,3,0,1,0,3,E+
1325:3,0,3,2,2,3,1,0,1,0,E+
1343:2,1,0,2,2,3,0,2,0,3,E+
1354:0,2,0,0,2,3,1,3,1,0,E+
1360:1,3,1,0,2,3,3,2,1,3,E+
1384:2,0,2,2,2,3,2,0,2,1,E+
1395:0,2,0,2,2,3,0,1,1,3,E+
1412:1,0,3,3,2,3,0,2,0,2,E-
1422:0,0,0,0,2,3,2,0,0,2,E-
1427:3,2,0,0,2,3,3,1,3,3,E+
1443:1,1,1,1,2,3,3,0,1,0,E+
1495:1,3,1,0,2,3,1,1,3,3,E+
1506:3,0,1,3,2,3,1,1,0,3,E+
1529:0,3,1,3,2,3,3,0,3,3,E+
1576:1,1,1,3,2,3,3,2,1,3,E+
1583:2,1,3,3,2,3,3,2,2,2,E-
1601:0,0,0,3,2,3,3,0,2,0,E+
1607:3,0,2,0,2,3,0,3,2,0,E+
1624:3,2,2,0,2,3,3,2,3,1,E+
1627:0,2,3,3,2,3,1,3,2,2,E-
1633:1,3,2,2,2,3,0,1,0,3,E+
1641:0,3,3,3,2,3,2,3,2,1,E+
1643:3,3,2,3,2,3,2,1,0,3,E+
1655:0,0,2,2,2,3,2,0,3,0,E+
1661:2,0,3,0,2,3,2,3,0,3,E+
1663:3,0,2,3,2,3,0,3,3,3,E+
1685:1,3,2,0,2,3,2,3,3,3,E+
1687:2,0,2,3,2,3,3,3,2,0,E+
1699:1,3,1,3,2,3,3,3,2,3,E+
1703:2,3,3,3,2,3,2,3,2,3,E+
1705:3,3,2,3,2,3,2,3,0,0,E+
1707:2,3,2,3,2,3,0,0,3,3,E+
1715:3,3,2,0,2,3,2,3,2,1,E+
1717:2,0,2,3,2,3,2,1,0,3,E+
1723:2,1,0,3,2,3,2,3,2,2,E-
1725:0,3,2,3,2,3,2,2,2,0,E+
1731:2,2,2,0,2,3,2,0,0,0,E+
1739:0,0,3,3,2,3,2,2,0,0,E+
1746:2,0,0,3,2,3,2,3,0,3,E+
1748:0,3,2,3,2,3,0,3,2,1,E+
1766:1,3,2,0,2,3,2,0,0,0,E+
1782:2,0,3,3,2,3,0,3,0,0,E+
1791:0,0,3,1,2,3,2,2,2,2,E-
1800:2,1,0,3,2,3,2,2,0,0,E+
1808:0,0,3,3,2,3,2,3,2,3,E+
1810:3,3,2,3,2,3,2,3,2,1,E+
1812:2,3,2,3,2,3,2,1,1,3,E+
1818:2,1,1,3,2,3,2,1,2,3,E+
1822:2,3,2,1,2,3,2,3,2,1,E+
1824:2,1,2,3,2,3,2,1,0,2,E-
1829:3,2,1,0,2,3,0,3,3,3,E+
1847:3,3,0,0,2,3,0,0,2,1,E+
1866:3,1,3,3,2,3,1,0,1,1,E+
1878:1,1,1,3,2,3,1,3,3,1,E+
1885:3,3,1,3,2,3,2,0,3,3,E+
1909:0,0,3,2,2,3,2,1,2,3,E+
1913:2,3,2,1,2,3,0,0,0,0,E+
1925:2,1,3,2,2,3,2,0,2,0,E+
1955:3,2,0,1,2,3,1,0,2,0,E+
1967:2,0,2,0,2,3,3,3,0,0,E+
1987:2,0,1,2,2,3,3,2,0,2,E-
2019:1,2,0,2,2,3,3,1,2,2,E-
2059:3,0,2,0,2,3,3,3,2,0,E+
2106:3,2,1,3,2,3,1,1,3,2,E-
2121:3,1,1,0,2,3,2,1,2,1,E+
2139:1,2,1,3,2,3,1,1,0,3,E+
2146:1,0,3,1,2,3,1,1,3,2,E-
2162:2,2,1,3,2,3,2,3,1,0,E+
2164:1,3,2,3,2,3,1,0,1,1,E+
2195:1,3,1,1,2,3,1,0,2,3,E+
2199:2,3,1,0,2,3,3,3,1,3,E+
2211:0,2,0,0,2,3,1,1,1,3,E+
2239:2,1,0,2,2,3,0,0,2,2,E-
2258:1,2,0,1,2,3,1,3,1,1,E+
2306:0,3,3,2,2,3,3,3,2,2,E-
2314:2,2,0,1,2,3,0,0,2,2,E-
2328:1,3,1,0,2,3,1,1,3,3,E+
2341:0,0,2,0,2,3,3,3,3,2,E-
2347:3,3,3,2,2,3,2,1,3,3,E+
2359:1,3,2,2,2,3,1,1,1,3,E+
2443:1,2,1,0,2,3,1,2,2,3,E+
2447:2,3,1,2,2,3,1,0,1,0,E+
2453:1,0,1,0,2,3,3,1,0,2,E-
2459:3,1,0,2,2,3,2,0,2,3,E+
2463:2,3,2,0,2,3,3,1,3,3,E+
2500:1,3,2,2,2,3,0,2,3,3,E+
2503:2,2,3,0,2,3,3,2,3,1,E+
2506:0,2,3,3,2,3,1,3,2,2,E-
2530:3,2,2,1,2,3,1,3,0,3,E+
2541:1,1,3,2,2,3,2,1,3,2,E-
2569:1,1,0,2,2,3,2,1,3,2,E-
2608:3,0,2,1,2,3,0,1,1,3,E+
2625:0,0,0,1,2,3,1,2,2,2,E-
2666:1,2,1,1,2,3,0,3,2,3,E+
2670:2,3,0,3,2,3,3,3,2,0,E+
2680:2,0,3,3,2,3,2,0,2,0,E+
2687:0,2,0,0,2,3,1,3,1,2,E-
2692:3,1,3,1,2,3,3,1,1,1,E+
2703:3,0,1,0,2,3,3,3,0,1,E+
2712:1,3,3,2,2,3,0,0,0,0,E+
2721:0,0,3,2,2,3,0,0,0,0,E+
2739:1,3,3,3,2,3,0,2,1,3,E+
2746:2,1,3,1,2,3,2,0,3,2,E-
2751:3,2,0,3,2,3,2,0,0,0,E+
2770:0,0,1,3,2,3,3,2,2,1,E+
2799:0,0,1,2,2,3,1,3,3,3,E+
2807:3,3,0,3,2,3,2,3,2,3,E+
2809:0,3,2,3,2,3,2,3,2,3,E+
2811:2,3,2,3,2,3,2,3,2,3,E+
2813:2,3,2,3,2,3,2,3,2,3,E+
2815:2,3,2,3,2,3,2,3,2,3,E+
2817:2,3,2,3,2,3,2,3,2,3,E+
2819:2,3,2,3,2,3,2,3,2,3,E+
2821:2,3,2,3,2,3,2,3,2,3,E+
2823:2,3,2,3,2,3,2,3,2,3,E+
2825:2,3,2,3,2,3,2,3,2,3,E+
2827:2,3,2,3,2,3,2,3,2,3,E+
2829:2,3,2,3,2,3,2,3,3,3,E+
2831:2,3,2,3,2,3,3,3,2,3,E+
2835:2,3,3,3,2,3,2,1,2,3,E+
2839:2,3,2,1,2,3,2,3,2,3,E+
2841:2,1,2,3,2,3,2,3,2,3,E+
2843:2,3,2,3,2,3,2,3,2,3,E+
2845:2,3,2,3,2,3,2,3,2,3,E+
2847:2,3,2,3,2,3,2,3,2,3,E+
2849:2,3,2,3,2,3,2,3,2,3,E+
2851:2,3,2,3,2,3,2,3,2,3,E+
2853:2,3,2,3,2,3,2,3,2,3,E+
2855:2,3,2,3,2,3,2,3,2,3,E+
2857:2,3,2,3,2,3,2,3,2,3,E+
2859:2,3,2,3,2,3,2,3,3,0,E+
2861:2,3,2,3,2,3,3,0,0,2,E-
2866:3,3,0,0,2,3,1,3,0,1,E+
2884:0,0,0,2,2,3,3,2,1,0,E+
2918:3,3,3,3,2,3,2,3,0,0,E+
2920:3,3,2,3,2,3,0,0,1,3,E+
2928:1,3,3,2,2,3,0,0,3,3,E+
2977:0,0,0,3,2,3,2,0,1,0,E+
2997:0,2,1,3,2,3,0,0,0,0,E+
3013:3,3,3,3,2,3,2,3,2,3,E+
3015:3,3,2,3,2,3,2,3,2,0,E+
3017:2,3,2,3,2,3,2,0,1,1,E+
3029:0,3,1,3,2,3,3,1,3,3,E+
3064:1,0,3,3,2,3,1,1,3,1,E+
3126:1,1,0,0,2,3,0,1,3,3,E+
3147:3,2,1,3,2,3,1,3,2,0,E+
3195:0,3,1,3,2,3,1,1,1,0,E+
3323:3,1,1,3,2,3,3,0,2,1,E+
3340:0,1,3,0,2,3,0,3,3,2,E-
3345:3,0,3,3,2,3,1,1,0,3,E+
3406:1,1,0,0,2,3,1,3,3,1,E+
3443:0,0,1,3,2,3,0,0,0,3,E+
3465:3,0,3,2,2,3,2,0,0,0,E+
3482:0,0,0,3,2,3,2,0,0,3,E+
3491:3,3,3,2,2,3,3,3,1,3,E+
3502:3,3,2,0,2,3,0,0,0,3,E+
3514:3,3,3,3,2,3,3,1,0,0,E+
3539:3,3,2,0,2,3,2,2,1,2,E-
3545:2,2,1,2,2,3,3,3,1,0,E+
3551:3,3,1,0,2,3,0,0,0,2,E-
3556:3,0,0,0,2,3,3,0,3,3,E+
3570:0,3,0,2,2,3,0,1,3,1,E+
3580:1,0,0,3,2,3,3,1,0,1,E+
3608:1,3,1,2,2,3,2,2,1,0,E+
3619:3,0,0,0,2,3,3,3,0,1,E+
3653:0,3,2,0,2,3,1,0,3,3,E+
3755:3,3,0,0,2,3,0,1,0,1,E+
3772:0,3,0,3,2,3,3,2,2,0,E+
3790:0,3,2,0,2,3,2,3,2,3,E+
3792:2,0,2,3,2,3,2,3,2,3,E+
3794:2,3,2,3,2,3,2,3,2,0,E+
3796:2,3,2,3,2,3,2,0,0,3,E+
3803:0,0,3,0,2,3,3,0,2,2,E-
3833:1,1,0,2,2,3,3,2,0,3,E+
3841:0,3,0,3,2,3,0,0,0,0,E+
3879:1,0,0,0,2,3,1,0,3,3,E+
3887:3,3,3,2,2,3,2,2,3,3,E+
3890:2,2,3,2,2,3,3,2,0,2,E-
3926:3,2,0,2,2,3,3,1,3,2,E-
3937:0,3,3,3,2,3,3,3,1,3,E+
3944:3,1,3,0,2,3,3,3,2,3,E+
3948:2,3,3,3,2,3,0,0,0,1,E+
3982:3,3,3,3,2,3,2,3,1,3,E+
3984:3,3,2,3,2,3,1,3,3,1,E+
Positivos Encontrados: [105, 185, 220, 232, 236, 286, 299, 305, 325, 345, 371, 388, 435, 462, 516, 560, 617, 626, 672, 765, 787, 823, 844, 861, 884, 903, 976, 979, 997, 1014, 1065, 1085, 1133, 1140, 1199, 1259, 1294, 1325, 1343, 1354, 1360, 1384, 1395, 1427, 1443, 1495, 1506, 1529, 1576, 1601, 1607, 1624, 1633, 1641, 1643, 1655, 1661, 1663, 1685, 1687, 1699, 1703, 1705, 1707, 1715, 1717, 1725, 1731, 1739, 1746, 1748, 1766, 1782, 1800, 1808, 1810, 1812, 1818, 1822, 1829, 1847, 1866, 1878, 1885, 1909, 1913, 1925, 1955, 1967, 2059, 2121, 2139, 2162, 2164, 2195, 2199, 2211, 2258, 2328, 2347, 2359, 2443, 2447, 2459, 2463, 2500, 2503, 2530, 2608, 2666, 2670, 2680, 2692, 2703, 2712, 2721, 2739, 2751, 2770, 2799, 2807, 2809, 2811, 2813, 2815, 2817, 2819, 2821, 2823, 2825, 2827, 2829, 2831, 2835, 2839, 2841, 2843, 2845, 2847, 2849, 2851, 2853, 2855, 2857, 2859, 2866, 2884, 2918, 2920, 2928, 2977, 2997, 3013, 3015, 3017, 3029, 3064, 3126, 3147, 3195, 3323, 3345, 3406, 3443, 3465, 3482, 3491, 3502, 3514, 3545, 3556, 3570, 3580, 3608, 3619, 3653, 3755, 3772, 3790, 3792, 3794, 3796, 3833, 3841, 3879, 3887, 3937, 3944, 3948, 3982, 3984]
