13:3,0,0,0,2,0,E+
48:0,2,0,0,0,2,E-
82:0,0,3,0,0,0,E-
84:0,3,2,0,0,2,E-
105:2,3,2,0,0,2,E-
125:0,1,3,0,2,2,E-
185:3,3,1,0,3,1,E-
220:1,1,3,0,1,3,E-
232:3,0,2,0,2,0,E+
236:3,2,3,0,2,1,E+
259:3,2,1,0,0,2,E-
286:2,2,1,0,1,0,E-
299:0,0,0,0,1,2,E+
305:0,0,0,0,3,2,E-
325:3,0,1,0,3,0,E-
345:0,0,2,0,1,0,E-
371:1,3,3,0,3,1,E-
388:3,2,1,0,1,1,E-
435:1,3,0,0,0,2,E-
462:3,3,1,0,3,0,E-
469:3,0,3,0,3,2,E-
484:1,3,0,0,0,0,E-
516:2,3,1,0,0,3,E-
560:0,0,0,0,1,0,E-
617:0,3,2,0,3,1,E-
620:2,2,1,0,2,2,E+
626:1,2,3,0,0,2,E-
632:3,0,1,0,3,0,E-
672:0,2,3,0,1,0,E-
751:1,3,2,0,2,0,E+
765:1,1,1,0,0,2,E-
787:1,2,1,0,3,1,E-
798:3,0,0,0,2,0,E+
823:2,0,0,0,2,0,E+
844:0,0,0,0,0,0,E-
861:0,0,1,0,0,3,E-
884:1,2,3,0,3,3,E-
903:3,3,3,0,1,0,E-
976:0,0,2,0,3,0,E-
979:2,2,0,0,1,3,E+
988:3,3,1,0,3,2,E-
997:2,0,1,0,1,0,E-
1014:3,3,3,0,0,0,E-
1065:3,3,0,0,2,0,E+
1085:3,0,2,0,0,2,E-
1110:0,3,2,0,0,2,E-
1116:2,2,3,0,2,3,E+
1121:1,2,3,0,3,1,E-
1133:0,0,3,0,2,0,E-
1135:0,3,1,0,0,3,E-
1140:2,0,3,0,2,2,E-
1144:3,3,0,0,0,2,E-
1199:2,2,3,0,0,3,E-
1259:2,0,1,0,0,3,E-
1294:1,1,1,0,0,0,E-
1325:0,2,0,0,1,0,E+
1343:1,2,2,0,0,1,E-
1354:2,0,3,0,1,2,E-
1360:3,0,2,0,1,2,E+
1384:0,2,0,0,2,1,E+
1395:2,2,1,0,1,3,E-
1412:0,3,2,0,0,0,E-
1422:0,0,0,0,0,3,E-
1427:2,0,1,0,3,3,E-
1443:1,1,0,0,1,3,E-
1495:3,0,1,0,3,1,E-
1506:0,3,1,0,0,0,E-
1529:3,3,0,0,3,0,E-
1576:1,3,2,0,1,3,E-
1583:1,3,2,0,2,1,E-
1601:0,3,0,0,2,2,E+
1607:0,0,3,0,2,3,E-
1624:2,0,2,0,3,3,E-
1627:2,3,3,0,2,2,E-
1633:3,2,1,0,0,3,E-
1641:3,3,3,0,2,0,E-
1643:3,3,1,0,0,3,E-
1655:0,2,0,0,3,2,E+
1661:0,0,3,0,0,3,E-
1663:0,3,3,0,3,2,E-
1685:3,0,3,0,3,2,E-
1687:0,3,3,0,2,2,E-
1699:3,3,3,0,2,2,E-
1703:3,3,3,0,2,0,E-
1705:3,3,3,0,0,3,E-
1707:3,3,0,0,3,2,E-
1715:3,0,3,0,2,0,E-
1717:0,3,1,0,0,2,E-
1723:1,3,3,0,2,2,E-
1725:3,3,2,0,2,2,E+
1731:2,0,0,0,0,3,E-
1739:0,3,2,0,0,3,E-
1746:0,3,3,0,0,2,E-
1748:3,3,3,0,2,3,E-
1766:3,0,0,0,0,0,E-
1782:0,3,3,0,0,0,E-
1791:0,1,2,0,2,1,E-
1800:1,3,2,0,0,3,E-
1808:0,3,3,0,2,2,E-
1810:3,3,3,0,2,1,E-
1812:3,3,1,0,1,2,E-
1818:1,3,1,0,2,2,E-
1822:3,1,3,0,2,0,E-
1824:1,3,1,0,0,3,E-
1829:2,0,3,0,3,3,E-
1847:3,0,0,0,2,1,E+
1866:1,3,0,0,1,3,E+
1878:1,3,3,0,3,3,E-
1885:3,3,0,0,3,2,E-
1909:0,2,1,0,2,0,E+
1913:3,1,0,0,0,2,E-
1925:1,2,0,0,2,3,E+
1955:2,1,0,0,2,2,E+
1967:0,0,3,0,0,0,E-
1987:0,2,2,0,0,0,E-
2019:2,2,1,0,2,0,E+
2059:0,0,3,0,2,1,E-
2106:2,3,1,0,3,1,E-
2121:1,0,1,0,2,2,E-
2139:2,3,1,0,0,1,E-
2146:0,1,1,0,3,2,E-
2162:2,3,3,0,1,1,E-
2164:3,3,0,0,1,2,E-
2195:3,1,0,0,2,3,E-
2199:3,0,3,0,1,2,E-
2211:2,0,1,0,1,2,E-
2239:1,2,0,0,2,0,E+
2258:2,1,3,0,1,1,E-
2306:3,2,3,0,2,0,E+
2314:2,1,0,0,2,2,E+
2328:3,0,1,0,3,1,E-
2341:0,0,3,0,3,2,E-
2347:3,2,1,0,3,3,E-
2359:3,2,1,0,1,1,E-
2443:2,0,2,0,2,1,E+
2447:3,2,0,0,1,2,E+
2453:0,0,1,0,0,2,E-
2459:1,2,0,0,2,3,E+
2463:3,0,1,0,3,0,E-
2500:3,2,2,0,3,2,E+
2503:2,0,2,0,3,3,E-
2506:2,3,3,0,2,2,E-
2530:2,1,3,0,0,1,E-
2541:1,2,1,0,3,0,E-
2569:1,2,1,0,3,0,E-
2608:0,1,1,0,1,1,E-
2625:0,1,2,0,2,0,E-
2666:2,1,3,0,2,3,E-
2670:3,3,3,0,2,2,E-
2680:0,3,0,0,2,0,E+
2687:2,0,3,0,1,3,E-
2692:1,1,1,0,1,1,E-
2703:0,0,3,0,0,3,E-
2712:3,2,0,0,0,0,E+
2721:0,2,0,0,0,1,E-
2739:3,3,2,0,1,1,E-
2746:1,1,0,0,3,3,E-
2751:2,3,0,0,0,0,E-
2770:0,3,2,0,2,0,E+
2799:0,2,3,0,3,0,E-
2807:3,3,3,0,2,2,E-
2809:3,3,3,0,2,2,E-
2811:3,3,3,0,2,2,E-
2813:3,3,3,0,2,2,E-
2815:3,3,3,0,2,2,E-
2817:3,3,3,0,2,2,E-
2819:3,3,3,0,2,2,E-
2821:3,3,3,0,2,2,E-
2823:3,3,3,0,2,2,E-
2825:3,3,3,0,2,2,E-
2827:3,3,3,0,2,3,E-
2829:3,3,3,0,3,2,E-
2831:3,3,3,0,2,2,E-
2835:3,3,1,0,2,2,E-
2839:3,1,3,0,2,2,E-
2841:1,3,3,0,2,2,E-
2843:3,3,3,0,2,2,E-
2845:3,3,3,0,2,2,E-
2847:3,3,3,0,2,2,E-
2849:3,3,3,0,2,2,E-
2851:3,3,3,0,2,2,E-
2853:3,3,3,0,2,2,E-
2855:3,3,3,0,2,2,E-
2857:3,3,3,0,2,3,E-
2859:3,3,3,0,3,0,E-
2861:3,3,0,0,0,3,E-
2866:3,0,3,0,0,0,E-
2884:0,2,2,0,1,2,E+
2918:3,3,3,0,0,1,E-
2920:3,3,0,0,1,3,E+
2928:3,2,0,0,3,0,E-
2977:0,3,0,0,1,0,E-
2997:2,3,0,0,0,0,E-
3013:3,3,3,0,2,2,E-
3015:3,3,3,0,2,1,E-
3017:3,3,0,0,1,0,E-
3029:3,3,1,0,3,3,E-
3064:0,3,1,0,3,1,E-
3126:1,0,1,0,3,1,E-
3147:2,3,3,0,2,0,E-
3195:3,3,1,0,1,2,E-
3323:1,3,0,0,2,3,E+
3340:1,0,3,0,3,3,E-
3345:0,3,1,0,0,0,E-
3406:1,0,3,0,3,0,E-
3443:0,3,0,0,0,0,E-
3465:0,2,0,0,0,3,E+
3482:0,3,0,0,0,3,E-
3491:3,2,3,0,1,0,E-
3502:3,0,0,0,0,1,E-
3514:3,3,1,0,0,3,E-
3539:3,0,2,0,1,2,E+
3545:2,2,3,0,1,2,E-
3551:3,0,0,0,0,3,E-
3556:0,0,0,0,3,3,E-
3570:3,2,1,0,3,1,E-
3580:0,3,1,0,0,0,E-
3608:3,2,2,0,1,0,E-
3619:0,0,3,0,0,0,E-
3653:3,0,0,0,3,3,E-
3755:3,0,1,0,0,1,E-
3772:3,3,2,0,2,1,E-
3790:3,0,3,0,2,2,E-
3792:0,3,3,0,2,2,E-
3794:3,3,3,0,2,0,E-
3796:3,3,0,0,0,0,E-
3803:0,0,0,0,2,1,E+
3833:1,2,2,0,0,0,E-
3841:3,3,0,0,0,3,E-
3879:0,0,0,0,3,3,E-
3887:3,2,2,0,3,2,E+
3890:2,2,2,0,0,0,E-
3926:2,2,1,0,3,0,E-
3937:3,3,3,0,1,0,E-
3944:1,0,3,0,2,0,E-
3948:3,3,0,0,0,0,E-
3982:3,3,3,0,1,3,E-
3984:3,3,3,0,3,3,E-
Positivos Encontrados: [13, 232, 236, 299, 620, 751, 798, 823, 979, 1065, 1116, 1325, 1360, 1384, 1601, 1655, 1725, 1847, 1866, 1909, 1925, 1955, 2019, 2239, 2306, 2314, 2443, 2447, 2459, 2500, 2680, 2712, 2770, 2884, 2920, 3323, 3465, 3539, 3803, 3887]
