5:0,0,2,0,0,2,2,0,3,3,I-
12:0,3,3,2,0,2,3,2,0,2,I+
16:0,2,3,2,0,2,2,0,0,0,I+
42:3,3,2,1,0,2,0,0,0,2,I+
46:0,2,0,0,0,2,2,3,3,0,I-
52:2,3,3,0,0,2,2,0,0,0,I-
58:2,0,0,0,0,2,2,0,2,2,I-
61:0,0,2,2,0,2,2,0,0,3,I+
68:0,0,3,0,0,2,0,0,2,2,I-
71:0,0,2,0,0,2,2,0,2,2,I-
74:0,0,2,2,0,2,2,0,2,0,I+
77:2,0,2,2,0,2,0,0,0,2,I+
81:0,2,0,0,0,2,3,2,3,0,I-
86:2,3,2,3,0,2,0,2,2,2,I+
88:2,3,0,2,0,2,2,2,0,2,I+
92:0,2,2,2,0,2,0,2,1,0,I+
94:2,2,0,2,0,2,1,0,1,0,I+
100:1,0,1,0,0,2,2,0,3,2,I-
110:3,2,2,0,0,2,2,0,2,2,I-
113:0,0,2,2,0,2,2,2,2,0,I+
118:2,2,2,2,0,2,1,0,0,2,I+
122:0,2,1,0,0,2,1,2,3,1,I-
134:2,2,2,0,0,2,2,0,2,0,I-
137:0,0,2,2,0,2,0,1,0,2,I+
141:0,2,0,1,0,2,0,0,2,0,I+
144:1,0,2,0,0,2,0,2,0,3,I-
146:2,0,0,2,0,2,0,3,1,1,I+
153:3,1,1,3,0,2,0,2,1,0,I+
155:1,3,0,2,0,2,1,0,1,0,I+
160:2,1,0,1,0,2,2,2,2,0,I+
166:2,2,2,0,0,2,0,3,2,2,I-
174:2,2,2,2,0,2,1,3,2,1,I+
231:0,1,3,1,0,2,3,2,2,2,I+
245:1,1,0,0,0,2,0,1,1,0,I-
263:2,3,0,1,0,2,2,0,2,0,I+
266:1,0,2,2,0,2,0,3,0,3,I+
273:3,0,3,2,0,2,0,3,1,0,I+
284:3,3,2,2,0,2,2,3,0,1,I+
292:0,1,1,3,0,2,0,2,0,1,I+
294:1,3,0,2,0,2,0,1,0,2,I+
298:0,2,0,1,0,2,3,1,0,1,I+
304:3,1,0,1,0,2,3,2,0,3,I+
310:3,2,0,3,0,2,0,0,1,3,I+
324:3,1,3,2,0,2,3,1,1,3,I+
331:1,1,3,3,0,2,0,2,2,1,I+
333:3,3,0,2,0,2,2,1,1,0,I+
338:2,2,1,1,0,2,0,2,0,2,I+
340:1,1,0,2,0,2,0,2,0,2,I+
342:0,2,0,2,0,2,0,2,3,3,I+
344:0,2,0,2,0,2,3,3,2,1,I+
351:3,2,1,0,0,2,0,3,3,3,I-
357:0,3,3,3,0,2,0,2,0,0,I+
359:3,3,0,2,0,2,0,0,3,0,I+
380:3,1,1,3,0,2,2,0,1,3,I+
395:1,1,0,1,0,2,1,3,1,1,I+
401:1,3,1,1,0,2,0,3,3,1,I+
418:3,1,3,3,0,2,0,1,3,0,I+
468:2,1,3,3,0,2,3,1,3,3,I+
488:2,3,1,0,0,2,0,1,1,3,I-
544:3,0,1,0,0,2,1,0,1,0,I-
553:0,0,0,0,0,2,0,0,0,3,I-
559:0,0,0,3,0,2,3,2,0,1,I+
574:3,3,1,0,0,2,1,1,0,3,I-
582:0,3,3,1,0,2,2,0,3,0,I+
631:3,1,3,0,0,2,3,0,1,3,I-
638:0,1,3,2,0,2,0,0,3,0,I+
661:3,0,3,2,0,2,1,3,3,1,I+
678:3,3,1,1,0,2,0,2,0,3,I+
680:1,1,0,2,0,2,0,3,2,1,I+
686:0,3,2,1,0,2,1,0,3,0,I+
699:3,3,3,3,0,2,1,3,0,0,I+
720:3,3,2,0,0,2,1,3,1,0,I-
728:1,0,3,0,0,2,0,3,0,0,I-
735:3,0,0,1,0,2,1,3,1,3,I+
744:3,3,0,0,0,2,0,3,1,1,I-
753:1,3,2,3,0,2,2,2,0,3,I+
774:3,2,1,3,0,2,2,0,0,0,I+
782:0,0,3,3,0,2,1,3,2,2,I+
797:1,1,3,1,0,2,3,0,0,2,I+
801:0,2,3,0,0,2,2,0,0,1,I-
812:0,3,3,3,0,2,0,3,0,0,I+
819:3,0,0,0,0,2,1,0,2,3,I-
822:0,0,2,1,0,2,3,1,0,2,I+
826:0,2,3,1,0,2,0,0,1,3,I+
843:2,0,0,1,0,2,3,0,0,0,I+
858:0,0,1,1,0,2,0,2,3,3,I+
860:1,1,0,2,0,2,3,3,1,0,I+
869:0,0,3,1,0,2,0,0,3,3,I+
877:3,3,1,0,0,2,2,0,1,0,I-
882:2,2,0,1,0,2,2,3,3,3,I+
909:3,3,1,3,0,2,2,0,2,0,I+
912:3,0,2,2,0,2,0,3,1,0,I+
917:2,0,3,1,0,2,2,1,0,2,I+
921:0,2,2,1,0,2,0,2,1,3,I+
923:2,1,0,2,0,2,1,3,2,0,I+
938:0,1,1,0,0,2,0,0,3,1,I-
964:0,3,0,3,0,2,0,3,0,3,I+
975:1,0,0,3,0,2,3,2,2,3,I+
996:3,2,2,2,0,2,3,3,1,1,I+
1003:3,1,1,3,0,2,0,1,1,3,I+
1057:2,2,1,1,0,2,2,0,0,3,I+
1068:3,2,3,3,0,2,0,0,0,0,I+
1077:0,1,3,1,0,2,0,2,1,3,I+
1079:3,1,0,2,0,2,1,3,1,0,I+
1084:2,1,3,1,0,2,3,0,2,0,I+
1087:1,0,2,3,0,2,0,0,2,2,I+
1090:3,0,2,0,0,2,2,0,0,1,I-
1114:2,3,2,2,0,2,2,3,1,3,I+
1132:3,1,0,0,0,2,3,2,3,2,I-
1139:2,3,2,1,0,2,3,0,3,2,I+
1148:2,3,2,0,0,2,2,0,2,0,I-
1151:0,0,2,2,0,2,0,0,1,0,I+
1197:3,1,3,2,0,2,2,3,3,3,I+
1218:3,1,3,3,0,2,0,3,3,2,I+
1230:3,3,1,1,0,2,1,3,1,3,I+
1245:3,1,3,1,0,2,1,0,1,1,I+
1258:0,3,2,0,0,2,3,1,1,0,I-
1333:1,0,0,3,0,2,0,0,0,2,I+
1337:0,2,0,0,0,2,2,1,0,2,I-
1341:0,2,2,1,0,2,2,3,0,2,I+
1345:0,2,2,3,0,2,0,3,1,0,I+
1350:2,0,3,1,0,2,0,0,2,3,I+
1353:1,0,2,0,0,2,3,1,3,1,I-
1359:3,1,3,1,0,2,3,3,2,1,I+
1367:2,1,3,2,0,2,0,0,0,2,I+
1371:0,2,0,0,0,2,0,2,2,2,I-
1373:0,0,0,2,0,2,2,2,0,2,I+
1377:0,2,2,2,0,2,2,2,0,2,I+
1381:0,2,2,2,0,2,2,2,3,2,I+
1387:2,2,3,2,0,2,1,1,0,2,I+
1391:0,2,1,1,0,2,0,2,2,3,I+
1393:1,1,0,2,0,2,2,3,0,1,I+
1414:3,3,2,3,0,2,0,2,0,0,I+
1416:2,3,0,2,0,2,0,0,0,0,I+
1421:2,0,0,0,0,2,3,2,0,0,I-
1426:2,3,2,0,0,2,3,3,1,3,I-
1435:3,3,3,3,0,2,0,2,1,1,I+
1437:3,3,0,2,0,2,1,1,1,1,I+
1455:3,3,1,0,0,2,2,1,3,3,I-
1467:3,0,3,2,0,2,0,3,0,0,I+
1476:0,3,2,2,0,2,2,0,0,0,I+
1485:0,3,0,0,0,2,0,2,2,2,I-
1487:0,0,0,2,0,2,2,2,1,3,I+
1494:2,1,3,1,0,2,3,1,1,3,I+
1535:3,0,3,3,0,2,0,2,2,0,I+
1537:3,3,0,2,0,2,2,0,0,3,I+
1604:3,2,3,3,0,2,0,2,3,0,I+
1606:3,3,0,2,0,2,3,0,3,2,I+
1617:3,2,0,1,0,2,0,3,2,2,I+
1623:0,3,2,2,0,2,3,3,2,3,I+
1652:3,3,3,0,0,2,2,2,3,2,I-
1660:3,2,0,3,0,2,3,2,3,0,I+
1677:3,3,3,0,0,2,0,2,1,3,I-
1679:3,0,0,2,0,2,1,3,2,0,I+
1684:2,1,3,2,0,2,3,2,3,3,I+
1692:3,3,3,2,0,2,1,1,3,1,I+
1714:0,3,3,2,0,2,3,2,3,2,I+
1730:3,2,2,2,0,2,3,2,0,0,I+
1758:3,1,0,3,0,2,1,0,1,3,I+
1765:0,1,3,2,0,2,3,2,0,0,I+
1777:3,0,0,0,0,2,0,3,3,2,I-
1828:2,3,2,1,0,2,3,0,3,3,I+
1846:3,3,3,0,0,2,3,0,0,2,I-
1850:0,2,3,0,0,2,1,1,0,1,I-
1859:1,3,3,3,0,2,0,3,1,3,I+
1900:3,2,1,2,0,2,2,1,3,0,I+
1918:3,0,0,0,0,2,2,2,1,3,I-
1928:2,2,3,2,0,2,0,3,1,3,I+
1947:3,1,1,3,0,2,1,1,3,2,I+
1958:1,2,3,1,0,2,0,2,0,2,I+
1960:3,1,0,2,0,2,0,2,0,2,I+
1962:0,2,0,2,0,2,0,2,0,2,I+
1964:0,2,0,2,0,2,0,2,3,3,I+
1966:0,2,0,2,0,2,3,3,3,0,I+
1976:0,0,0,1,0,2,0,2,2,2,I+
1978:0,1,0,2,0,2,2,2,0,2,I+
1982:0,2,2,2,0,2,0,1,2,2,I+
1991:2,3,3,2,0,2,0,2,1,0,I+
1993:3,2,0,2,0,2,1,0,1,0,I+
2001:1,0,1,0,0,2,1,1,2,1,I-
2010:1,3,3,3,0,2,2,0,2,1,I+
2013:3,0,2,2,0,2,1,2,0,2,I+
2017:0,2,1,2,0,2,2,3,3,1,I+
2025:3,1,2,2,0,2,1,1,0,3,I+
2056:2,1,1,3,0,2,0,2,3,3,I+
2058:1,3,0,2,0,2,3,3,3,2,I+
2067:2,0,1,1,0,2,1,1,0,1,I+
2078:1,3,1,1,0,2,1,3,1,2,I+
2099:2,1,1,2,0,2,0,3,2,1,I+
2120:1,3,1,1,0,2,3,2,1,2,I+
2188:1,1,1,1,0,2,0,1,3,1,I+
2198:1,2,3,1,0,2,3,3,3,1,I+
2207:1,3,2,1,0,2,0,0,2,3,I+
2210:1,0,2,0,0,2,3,1,1,1,I-
2234:2,2,2,0,0,2,1,0,2,2,I-
2237:0,0,2,1,0,2,2,3,0,0,I+
2242:2,2,3,0,0,2,2,0,2,0,I-
2245:0,0,2,2,0,2,0,1,3,1,I+
2274:1,3,1,1,0,2,1,1,1,3,I+
2285:1,1,3,0,0,2,1,1,3,3,I-
2317:1,2,3,0,0,2,2,2,0,3,I-
2327:2,1,3,1,0,2,3,1,1,3,I+
2338:1,3,0,0,0,2,0,2,3,3,I-
2340:0,0,0,2,0,2,3,3,3,3,I+
2366:1,1,3,1,0,2,1,3,1,1,I+
2375:1,1,2,0,0,2,1,3,1,3,I-
2383:1,3,3,2,0,2,0,0,0,0,I+
2396:3,1,0,0,0,2,2,1,3,0,I-
2401:2,2,1,3,0,2,0,0,3,1,I+
2437:2,0,3,0,0,2,1,2,1,0,I-
2442:2,1,2,1,0,2,3,1,2,2,I+
2452:3,1,0,1,0,2,3,3,1,0,I+
2457:2,3,3,1,0,2,2,3,2,0,I+
2462:2,2,3,2,0,2,3,3,1,3,I+
2481:3,3,1,0,0,2,0,0,0,0,I-
2502:2,2,2,3,0,2,3,3,2,3,I+
2518:0,1,2,0,0,2,1,2,0,1,I-
2556:2,2,2,0,0,2,1,2,1,3,I-
2567:0,1,1,1,0,2,2,3,2,1,I+
2581:0,1,2,1,0,2,0,1,1,3,I+
2591:1,3,2,0,0,2,1,3,2,1,I-
2605:3,1,3,3,0,2,1,2,3,0,I+
2634:2,0,1,3,0,2,2,2,1,0,I+
2641:2,1,0,0,0,2,2,2,2,1,I-
2654:1,3,0,0,0,2,0,1,1,2,I-
2675:3,3,3,2,0,2,0,3,3,2,I+
2683:3,2,3,2,0,2,0,0,2,3,I+
2686:2,0,2,0,0,2,3,1,3,1,I-
2702:1,3,0,1,0,2,3,3,3,0,I+
2741:3,3,2,3,0,2,1,3,1,2,I+
2793:3,0,1,1,0,2,0,0,1,2,I+
2865:2,3,3,0,0,2,3,1,3,0,I-
2872:1,3,0,1,0,2,2,2,0,1,I+
2878:2,2,0,1,0,2,0,0,0,2,I+
2882:0,2,0,0,0,2,2,3,3,2,I-
2889:3,3,2,1,0,2,0,0,0,1,I+
2900:3,3,3,2,0,2,1,3,1,3,I+
2909:3,3,0,0,0,2,1,1,3,3,I-
2936:3,3,0,3,0,2,1,0,0,1,I+
2993:2,1,2,1,0,2,1,3,2,3,I+
3041:0,3,3,3,0,2,2,1,3,3,I+
3113:0,3,0,1,0,2,2,0,0,1,I+
3125:2,1,1,0,0,2,3,0,1,3,I-
3138:3,2,2,1,0,2,0,2,1,3,I+
3140:2,1,0,2,0,2,1,3,2,1,I+
3161:0,0,1,1,0,2,0,1,2,2,I+
3167:0,1,2,2,0,2,0,0,3,2,I+
3189:1,3,2,0,0,2,0,3,1,3,I-
3200:3,1,1,1,0,2,2,1,3,2,I+
3209:2,1,3,2,0,2,1,0,2,2,I+
3212:2,0,2,1,0,2,2,0,3,2,I+
3223:0,0,3,2,0,2,2,1,3,3,I+
3230:1,3,3,2,0,2,1,3,2,1,I+
3236:1,3,2,1,0,2,0,2,0,3,I+
3238:2,1,0,2,0,2,0,3,1,3,I+
3273:1,1,1,2,0,2,0,0,1,2,I+
3282:2,1,0,0,0,2,1,3,2,2,I-
3293:3,2,1,0,0,2,0,0,3,3,I-
3308:3,2,2,0,0,2,0,1,3,3,I-
3326:3,2,3,3,0,2,1,3,3,3,I+
3339:0,0,1,3,0,2,3,0,3,3,I+
3354:3,0,3,1,0,2,0,1,1,3,I+
3405:3,1,1,0,0,2,3,1,3,3,I-
3412:1,3,3,1,0,2,1,2,0,2,I+
3416:0,2,1,2,0,2,0,1,1,1,I+
3429:1,0,3,3,0,2,0,0,0,1,I+
3501:0,3,3,2,0,2,3,0,0,0,I+
3532:0,0,3,0,0,2,1,3,3,2,I-
3538:1,3,3,2,0,2,3,2,2,1,I+
3550:3,3,3,1,0,2,3,0,0,0,I+
3555:2,3,0,0,0,2,3,3,0,3,I-
3564:3,3,3,2,0,2,0,3,0,2,I+
3568:0,2,0,3,0,2,2,3,0,1,I+
3618:0,3,0,0,0,2,3,3,3,0,I-
3652:1,0,3,2,0,2,3,1,0,3,I+
3665:0,0,0,1,0,2,0,0,0,3,I+
3723:3,2,2,2,0,2,0,2,2,1,I+
3725:2,2,0,2,0,2,2,1,3,2,I+
3754:0,3,3,0,0,2,3,0,1,0,I-
3789:0,0,3,2,0,2,3,2,3,2,I+
3802:2,0,0,3,0,2,3,3,0,2,I+
3806:0,2,3,3,0,2,2,1,3,2,I+
3831:3,0,1,1,0,2,2,3,3,2,I+
3863:2,0,0,0,0,2,0,3,2,2,I-
3870:3,2,2,0,0,2,2,0,0,1,I-
3878:0,1,0,0,0,2,3,1,0,3,I-
3894:2,3,3,2,0,2,0,0,0,0,I+
3914:0,0,0,3,0,2,1,3,0,0,I+
3924:0,0,3,2,0,2,2,3,3,1,I+
3943:3,3,1,3,0,2,3,3,3,2,I+
3962:0,3,1,3,0,2,0,2,0,0,I+
3964:1,3,0,2,0,2,0,0,0,3,I+
Positivos Encontrados: [12, 16, 42, 61, 74, 77, 86, 88, 92, 94, 113, 118, 137, 141, 146, 153, 155, 160, 174, 231, 263, 266, 273, 284, 292, 294, 298, 304, 310, 324, 331, 333, 338, 340, 342, 344, 357, 359, 380, 395, 401, 418, 468, 559, 582, 638, 661, 678, 680, 686, 699, 735, 753, 774, 782, 797, 812, 822, 826, 843, 858, 860, 869, 882, 909, 912, 917, 921, 923, 964, 975, 996, 1003, 1057, 1068, 1077, 1079, 1084, 1087, 1114, 1139, 1151, 1197, 1218, 1230, 1245, 1333, 1341, 1345, 1350, 1359, 1367, 1373, 1377, 1381, 1387, 1391, 1393, 1414, 1416, 1435, 1437, 1467, 1476, 1487, 1494, 1535, 1537, 1604, 1606, 1617, 1623, 1660, 1679, 1684, 1692, 1714, 1730, 1758, 1765, 1828, 1859, 1900, 1928, 1947, 1958, 1960, 1962, 1964, 1966, 1976, 1978, 1982, 1991, 1993, 2010, 2013, 2017, 2025, 2056, 2058, 2067, 2078, 2099, 2120, 2188, 2198, 2207, 2237, 2245, 2274, 2327, 2340, 2366, 2383, 2401, 2442, 2452, 2457, 2462, 2502, 2567, 2581, 2605, 2634, 2675, 2683, 2702, 2741, 2793, 2872, 2878, 2889, 2900, 2936, 2993, 3041, 3113, 3138, 3140, 3161, 3167, 3200, 3209, 3212, 3223, 3230, 3236, 3238, 3273, 3326, 3339, 3354, 3412, 3416, 3429, 3501, 3538, 3550, 3564, 3568, 3652, 3665, 3723, 3725, 3789, 3802, 3806, 3831, 3894, 3914, 3924, 3943, 3962, 3964]
